MaxIteration = 2000;
NumberOfParticles = 50;

			    Result
No. Of Truck	Instance	RandTourDistance	ImprovedTour			Ref results
				Test1	Test2	Best	Worst	Mean		Best	Worst	Mean
2		att48		43945	43945	13595	14446	14074		43424	44929	44121.4
		berlin52	8366	26366	3039	3291	3170.1		9482	10244	9872.9
		pr76		532206	532206	144473	154364	149639		143560	151283	148538.8
		rat99		7530	7530	1681	1746	1712.55		1662	1724	1698.6
3		att48		44360	44360	17036	18747	17964.3		51510	55974	54393.1
		berlin52	8652	27279	3725	4023	3884.75		11149	12089	11583.1
		pr76		518045	518045	182846	192142	188298		174485	183105	179152.1
		rat99		7969	7969	2094	2153	2127.25		2018	2087	2048.9
4		att48		45262	45262	19781	22459	21313.5		58445	67170	64488.3
		berlin52	8208	25883	4128	4656	4403.7		12952	13602	13204.8
		pr76		519070	519070	208831	223900	218249		201022	214005	207663.5
		rat99		7909	7909	2452	2566	2518.6		2353	2428	2386.7
